1.1 Вашингтон Олстон, https://www.jstor.org/stable/366727?seq=1#page_scan_tab_contents
1.2
1.3
1.4
1.5
1.6
1.7
1.8
1.9
1.10
1.11
1.12

2.13
2.14
2.15
2.16
2.17
2.18
2.19
2.20
2.21
2.22

3.23 https://en.wikipedia.org/wiki/Know_thyself
3.24
3.25
3.26

4.27
4.28
4.29
4.30
4.31
4.32
4.33
4.34
4.35

5.36
5.37
5.38
5.39
5.40
5.41
5.42
5.43
5.44
5.45

6.46
6.47
6.48
6.49
6.50
6.51

7.52
7.53
7.54
7.55
7.56
7.57
7.58
7.59
7.60
7.61
7.62
7.63
7.64
7.65
7.66
7.67
7.68
7.69
7.70
7.71
7.72
7.73
7.74
7.75
7.76
7.77

8.78
8.79
8.80
8.81
8.82
8.83
8.84
8.85
8.86
8.87
8.88
8.89
8.90

9.91
9.92
9.93
9.94

10.95
10.96
10.97
10.98
10.99
10.100
10.101
10.102
10.103
10.104
10.105
10.106
10.107
10.108
10.109
10.110
10.111
10.112
10.113 "An Epistle to Arbuthnot" By Alexander Pope https://web.archive.org/web/20190519130539/http://andromeda.rutgers.edu/~jlynch/Texts/arbuthnot.html
10.114
10.115

11.116
11.117
11.118
11.119
11.120
11.121
11.122
11.123

12.124

13.125
13.126
13.127
13.128
13.129
13.130

14.131
14.132
14.133
14.134
14.135
14.136
14.137
14.138

15.139
15.140
15.141
15.142
15.143
15.144
15.145
15.146
15.147
15.148

16.149
16.150
16.151
16.152
16.153
16.154
16.155
16.156
16.157
16.158
16.159
16.160
16.161
16.162
16.163
16.164
16.165
16.166
16.167
16.168
16.169
16.170
16.171
16.172

17.173
17.174
17.175
17.176
17.177
17.178
17.179
17.180
17.181
17.182 Протагор: "Человек есть мера всех вещей" https://ru.wikipedia.org/wiki/%D0%9F%D1%80%D0%BE%D1%82%D0%B0%D0%B3%D0%BE%D1%80
17.183
17.184
17.185
17.186
17.187
17.188
17.189
17.190

18.191
18.192
18.193
18.194
18.195
18.196
18.197

19.198
19.199
19.200
19.201
19.202
19.203
19.204

20.205
20.206
20.207

21.208
21.209
21.210
21.211
21.212
21.213
21.214
21.215
21.216
21.217
21.218
21.219
21.220
21.221
21.222
21.223
21.224
21.225
21.226
21.227
21.228
21.229
21.230

22.231
22.232
22.233
22.234
22.235
22.236
22.237
22.238
22.239
22.240
22.241

23.242
23.243
23.244
23.245
23.246
23.247
23.248
23.249
23.250

24.251
24.252
24.253
24.254
24.255
24.256
24.257
24.258

25.259
25.260
25.261
25.262
25.263
25.264
25.265
25.266
25.267
25.268
25.269
25.270

26.271
26.272
26.273
26.274
26.275
26.276
26.277
26.278
26.279
26.280
26.281

27.282
27.283
27.284
27.285
27.286
27.287
27.288
27.289

28.290
28.291
28.292
28.293

29.294
29.295
29.296
29.297
29.298
29.299
29.300
29.301
29.302
29.303
29.304
29.305
29.306
29.307
29.308
29.309

30.310
30.311
30.312
30.313
30.314
30.315
30.316
30.317
30.318
30.319
30.320
30.321
30.322
30.323
30.324
30.325
30.326
30.327
30.328
30.329
30.330
30.331
30.332
30.333
30.334

31.335
31.336
31.337
31.338
31.339
31.340
31.341
31.342
31.343
31.344

32.345
32.346

33.347
33.348
33.349
33.350
33.351
33.352
33.353
33.354

34.355
34.356
34.357
34.358
34.359
34.350
34.351

35.352

36.353
36.354
36.355
36.356
36.357
36.358
36.359
36.360
36.361
36.362
36.363
36.364
36.365
36.366
36.367
36.368
36.369
36.360
36.371
36.372
36.373
36.374
36.375
36.376
36.377
36.378
36.379

37.380
37.381
37.382
37.383
37.384
37.385
37.386
37.387
37.388
37.389
37.390
37.391
37.392
37.393
37.394

38.395
38.396
38.397
38.398

39.399
39.400
39.401
39.402

40.403
40.404
40.405
40.406
40.407
40.408
40.409

41.410
41.411
41.412
41.413
41.414
41.415
41.416
41.417
41.418
41.419

42.420
42.421
42.422
42.423
42.424
42.425
42.426
42.427
42.428
42.429
42.430
42.431
42.432

43.433
43.434

44.435
44.436
44.437
44.438
44.439
44.440
44.441
44.442

45.443
45.444
45.445
45.446
45.447
45.448
45.449

46.450
46.451
46.452
46.453
46.454
46.455
46.456
46.457
46.458
46.459
46.460
46.461
46.462
46.463
46.464 У Эмерсона - arms, в оригинале - ovens. https://www.gutenberg.org/files/53970/53970-h/53970-h.htm

47.465
47.466
47.467
47.468
47.469

48.470
48.471
48.472
48.473
48.474
48.475
48.476
48.477
48.478
48.479
48.480
48.481
48.482
48.483
48.484
48.485

49.486
49.487
49.488
49.489
49.490
49.491
49.492
49.493
